[individuals]
185
[landmarks]
7
[dimensions]
3
[rawpoints]
'#C_ascanius_M_clavicle_R
-1.4463617e+001   4.3659748e+001   4.5207272e+001
-1.5227692e+001   3.6706608e+001   4.4494957e+001
1.2094422e+001   2.9056076e+001   7.9591949e+001
2.7139479e+001   3.3258175e+001   8.5441345e+001
2.8027515e+001   2.9606564e+001   8.5249519e+001
-1.6129124e+001   4.0387684e+001   4.3237328e+001
2.7864075e+001   3.1456610e+001   8.5328133e+001
'#C_ascanius_F_clavicle_R
-2.5971031e-001   4.8908298e+001   9.1464340e+001
1.1513233e+000   4.4465687e+001   9.1682350e+001
-2.8828835e+001   4.0771660e+001   9.7296204e+001
-3.1397537e+001   4.7164070e+001   1.0375798e+002
-3.2371590e+001   4.3497559e+001   1.0385594e+002
8.9380455e-001   4.7074703e+001   9.1519257e+001
-3.1862181e+001   4.5277748e+001   1.0371205e+002
'#C_ascanius_F_clavicle_R
5.0852348e+001   4.9064808e+001   1.4731978e+002
5.3837467e+001   4.6806999e+001   1.4470602e+002
3.1608540e+001   3.0173933e+001   1.3236446e+002
2.5148643e+001   2.6967001e+001   1.3778914e+002
2.6911392e+001   2.4678843e+001   1.3503160e+002
5.2696838e+001   4.8216366e+001   1.4628395e+002
2.5963659e+001   2.5774818e+001   1.3632721e+002
'#C_ascanius_M_clavicle_R
-8.0027611e+001   4.5846233e+001   7.0977135e+001
-8.2557175e+001   4.7903221e+001   7.5571609e+001
-5.2277679e+001   4.6195633e+001   9.0722931e+001
-4.5892536e+001   3.5762161e+001   8.8422188e+001
-4.6733166e+001   3.8484276e+001   9.2767540e+001
-8.2015961e+001   4.6768394e+001   7.2822128e+001
-4.6443764e+001   3.7855442e+001   9.0137466e+001
'#C_ascanius_F_clavicle_L
-5.7192299e+001   5.4204559e+001   8.2049110e+001
-5.7323158e+001   5.1826775e+001   8.0453049e+001
-2.5600744e+001   5.1537304e+001   8.2090034e+001
-2.2093721e+001   5.4658237e+001   9.0079536e+001
-2.0415016e+001   5.1420029e+001   8.8255302e+001
-5.7464005e+001   5.3030499e+001   8.1250450e+001
-2.1300529e+001   5.3115723e+001   8.9091957e+001
'#C_ascanius_F_clavicle_R
1.8932634e+001   4.5686951e+001   6.3236416e+001
1.7408558e+001   4.3789024e+001   5.8524521e+001
-1.7853830e+001   3.2873955e+001   6.8577774e+001
-1.7521231e+001   2.7213955e+001   7.8104240e+001
-1.9681860e+001   2.5588531e+001   7.3931587e+001
1.9045855e+001   4.4810184e+001   6.0731609e+001
-1.8378979e+001   2.7223564e+001   7.5754539e+001
'#C_ascanius_F_clavicle_R
-3.8227322e+001   4.7695385e+001   8.3641731e+001
-3.8028313e+001   4.4739140e+001   8.3284752e+001
-8.3342438e+000   4.4723274e+001   8.2145432e+001
-4.9561443e+000   5.1725445e+001   7.6240662e+001
-3.8244438e+000   4.8398579e+001   7.6404083e+001
-3.8775032e+001   4.6174850e+001   8.3442879e+001
-4.4417195e+000   5.0086674e+001   7.6536095e+001
'#C_ascanius_M_clavicle_R
-3.8099541e+001   4.1054188e+001   8.9295326e+001
-3.6611572e+001   4.2880337e+001   9.3253418e+001
-5.4765263e+000   4.3233330e+001   8.3245728e+001
-2.6353302e+000   3.5200047e+001   7.9851173e+001
-6.6562700e-001   3.6519165e+001   8.2791344e+001
-3.7719616e+001   4.1802200e+001   9.1305290e+001
-1.6391697e+000   3.6011200e+001   8.1291550e+001
'#C_ascanius_M_clavicle_L
5.5501366e-001   5.3812996e+001   6.5512054e+001
2.4682808e-001   5.5808903e+001   6.5571533e+001
-2.0998005e+001   5.2957291e+001   9.9288254e+001
-1.6880833e+001   4.4966492e+001   1.0561632e+002
-1.8532261e+001   4.9775150e+001   1.0652461e+002
4.4802904e-001   5.4840984e+001   6.5464500e+001
-1.7829199e+001   4.7225174e+001   1.0619773e+002
'#C_ascanius_F_clavicle_L
8.9542780e+000   4.0857502e+001   9.7644035e+001
8.2893372e+000   4.2231216e+001   9.7680252e+001
2.4039507e+001   4.9116657e+001   7.4638252e+001
2.8412073e+001   4.4230728e+001   6.9562805e+001
2.7544901e+001   4.6355690e+001   6.8414574e+001
8.5113907e+000   4.1442963e+001   9.7879112e+001
2.7915894e+001   4.5369740e+001   6.9072510e+001
'#C_ascanius_M_clavicle_L
2.4233559e+001   4.3400784e+001   7.1118896e+001
2.0481201e+001   4.4808842e+001   6.8374901e+001
1.6964521e+000   4.6067722e+001   9.8396477e+001
5.5008440e+000   5.0435074e+001   1.0763810e+002
2.4354782e+000   5.1539719e+001   1.0598682e+002
2.2589684e+001   4.4104744e+001   6.9136169e+001
3.8721986e+000   5.0336418e+001   1.0621886e+002
'#C_ascanius_M_clavicle_L
2.2064911e+001   4.1770836e+001   7.4105278e+001
2.3272686e+001   3.9425091e+001   7.4957108e+001
-1.0069160e+000   3.5097858e+001   1.0224454e+002
-8.4986525e+000   3.5203648e+001   9.8962212e+001
-8.1429749e+000   3.3558807e+001   1.0041878e+002
2.2851507e+001   4.0525497e+001   7.4305038e+001
-8.2872658e+000   3.4399052e+001   9.9745438e+001
'#C_ascanius_F_clavicle_L
-8.0031557e+000   4.5047985e+001   1.0666780e+002
-9.1884432e+000   4.3112446e+001   1.0609508e+002
-1.4479179e+000   4.7278522e+001   7.8355392e+001
5.1099033e+000   5.1888657e+001   7.6248978e+001
3.6044865e+000   4.9272060e+001   7.3967461e+001
-8.5494967e+000   4.4128010e+001   1.0635098e+002
4.9436169e+000   5.0779999e+001   7.4781334e+001
'#C_ascanius_F_clavicle_L
-1.6742365e+001   3.5816479e+001   1.2499570e+002
-1.6681675e+001   3.2535221e+001   1.2425495e+002
-4.1853380e+000   3.8114647e+001   9.4296219e+001
3.2702255e-001   4.3995823e+001   9.3935295e+001
1.1101761e+000   4.1648277e+001   9.1974747e+001
-1.6890015e+001   3.4131439e+001   1.2517719e+002
8.7715530e-001   4.2940723e+001   9.2975021e+001
'#C_ascanius_F_clavicle_L
-7.4843326e+000   4.9046665e+001   6.8127647e+001
-5.8922443e+000   4.5137890e+001   6.8181152e+001
-1.9583443e+001   4.0960670e+001   9.3603470e+001
-2.6063660e+001   4.3082424e+001   9.3795357e+001
-2.5224211e+001   4.0506042e+001   9.4755104e+001
-6.6137624e+000   4.7043827e+001   6.7867424e+001
-2.5692936e+001   4.1853561e+001   9.4266861e+001
'#C_ascanius_F_clavicle_L
7.7006478e+000   4.5200668e+001   8.0113358e+001
8.8126364e+000   4.6436874e+001   8.1460258e+001
-1.5092695e+001   4.6430286e+001   1.0384995e+002
-1.7451851e+001   4.0586422e+001   1.0586354e+002
-1.6267948e+001   4.2499657e+001   1.0760452e+002
8.3719482e+000   4.5802837e+001   8.0681778e+001
-1.6920269e+001   4.1429161e+001   1.0681349e+002
'#C_ascanius_M_clavicle_L
-1.6064888e+001   4.0376770e+001   7.2966438e+001
-1.6653574e+001   4.4256618e+001   7.3110237e+001
-3.1135788e+001   4.1098270e+001   1.0564717e+002
-2.6752134e+001   3.6179230e+001   1.1124348e+002
-2.7653040e+001   3.9666229e+001   1.1258642e+002
-1.6112228e+001   4.2386471e+001   7.2580399e+001
-2.7636679e+001   3.7853512e+001   1.1141797e+002
'#C_ascanius_F_clavicle_L
1.5484058e+001   5.5438786e+001   8.0083023e+001
1.5170708e+001   5.8144768e+001   8.0326271e+001
-1.5713190e+001   5.8047874e+001   8.1160141e+001
-1.8472454e+001   5.4775997e+001   8.5063705e+001
-1.8635225e+001   5.6801800e+001   8.5005882e+001
1.5813656e+001   5.6716820e+001   8.0246445e+001
-1.8530052e+001   5.5739159e+001   8.4990204e+001
'#C_ascanius_M_clavicle_L
1.1406136e+001   4.7905590e+001   6.9445030e+001
1.2336597e+001   4.3598892e+001   6.9720329e+001
-1.7077377e+001   4.0909851e+001   9.3810783e+001
-2.5058508e+001   4.5310692e+001   9.1121025e+001
-2.5679705e+001   4.2722912e+001   9.2129677e+001
1.2494530e+001   4.5920162e+001   6.9056770e+001
-2.5368027e+001   4.4035488e+001   9.1644615e+001
'#C_ascanius_M_clavicle_L
-1.0191916e+001   4.5245770e+001   9.7280365e+001
-1.0341757e+001   4.9311222e+001   9.6992714e+001
1.0585278e+001   4.9481968e+001   6.1028698e+001
7.2844687e+000   4.1255783e+001   5.2569099e+001
7.8837442e+000   4.5997875e+001   5.1972816e+001
-1.0512911e+001   4.7352009e+001   9.7536011e+001
7.9938383e+000   4.3586380e+001   5.2770515e+001
'#C_ascanius_M_clavicle_L
-3.2554733e+001   4.5186569e+001   9.2686737e+001
-3.1148018e+001   4.7039879e+001   9.3589752e+001
-8.1949387e+000   4.4435623e+001   7.1003456e+001
-1.1299287e+001   4.2843079e+001   5.9399223e+001
-8.2343054e+000   4.5658421e+001   6.0082397e+001
-3.2010918e+001   4.6122643e+001   9.3294952e+001
-9.8306541e+000   4.4359146e+001   5.9498791e+001
'#C_ascanius_M_clavicle_R
-8.3784657e+000   5.0410801e+001   6.3482384e+001
-8.1002960e+000   5.2665714e+001   6.3724190e+001
-2.5636393e+001   5.2099266e+001   9.3663483e+001
-3.2617798e+001   4.5969288e+001   9.3535507e+001
-3.2412102e+001   4.9819538e+001   9.5107437e+001
-8.1441250e+000   5.1548088e+001   6.3401047e+001
-3.2469208e+001   4.7794872e+001   9.4388947e+001
'#C_ascanius_F_clavicle_L
-2.3834068e+001   4.0505806e+001   9.5983154e+001
-2.1508389e+001   4.1468746e+001   9.7297493e+001
-5.9507914e+000   4.1469379e+001   7.1710648e+001
-1.0162267e+001   4.3082623e+001   6.3842896e+001
-6.0199652e+000   4.4393650e+001   6.4732269e+001
-2.2852345e+001   4.1012341e+001   9.6922523e+001
-8.0440702e+000   4.3594196e+001   6.4475677e+001
'#C_ascanius_F_clavicle_L
-1.6930000e+001   4.7857609e+001   1.0193993e+002
-1.4302797e+001   4.6135536e+001   1.0491518e+002
2.6642685e+000   3.4307152e+001   8.1471893e+001
4.7759609e+000   3.9028667e+001   7.5795296e+001
6.8824806e+000   3.7657230e+001   7.6671509e+001
-1.5828086e+001   4.7172165e+001   1.0368730e+002
5.7583065e+000   3.8248447e+001   7.6253639e+001
'#G_gorilla_M_clavicle_R
-5.6062119e+001   4.5467270e+001  -4.5515110e+001
-4.4495018e+001   1.7327877e+001  -5.5757015e+001
4.4661934e+001   3.4213573e+001   5.9295082e+000
4.6863861e+001   7.1049789e+001   2.9304037e+001
6.4866272e+001   6.1578907e+001   2.7130226e+001
-5.7003929e+001   2.9860708e+001  -5.4120636e+001
5.6692329e+001   6.8631668e+001   2.9307869e+001
'#G_gorilla_M_clavicle_L
-5.8927273e+001   5.1651478e+001  -6.9101997e+001
-6.4513618e+001   2.9773211e+001  -6.9048103e+001
4.1485889e+001   3.5085796e+001   2.5415154e+001
5.3988113e+001   6.0282581e+001   4.7042339e+001
5.5935902e+001   5.2594528e+001   5.1505798e+001
-6.3416477e+001   4.1728271e+001  -7.0829643e+001
5.5628418e+001   5.7090763e+001   4.9857525e+001
'#G_gorilla_M_clavicle_L
-7.4654617e+001   4.6292015e+001  -7.5939903e+001
-6.6810684e+001   3.4449352e+001  -7.5560013e+001
3.4845097e+001   3.7827705e+001   2.6311638e+001
3.9910561e+001   7.3398888e+001   3.5992645e+001
5.0688663e+001   6.6073433e+001   4.5909954e+001
-7.3754234e+001   4.0513336e+001  -7.8070267e+001
4.5351898e+001   7.0682358e+001   4.1258106e+001
'#G_gorilla_M_clavicle_R
-9.3102684e+001   3.4507244e+001   1.0395470e+000
-9.5866364e+001   2.2042877e+001  -1.4223333e+001
5.3617577e+001   4.2397694e+001  -2.4369095e+001
5.1395782e+001   6.0953941e+001  -9.0358734e-002
6.1393944e+001   6.3691177e+001  -7.5861568e+000
-9.6180946e+001   2.8350504e+001  -6.1168656e+000
5.6405846e+001   6.3189629e+001  -3.1094933e+000
'#G_gorilla_M_clavicle_R
-7.7721222e+001   3.2990395e+001   2.6398787e+000
-8.5764702e+001   4.8654579e+001  -5.8327551e+000
4.9891514e+001   4.8815872e+001  -2.4915806e+001
6.6864639e+001   2.2767134e+001  -5.1570663e+000
7.4051971e+001   3.0632261e+001  -5.7188644e+000
-8.3828384e+001   4.0102718e+001  -9.5147836e-001
7.0702438e+001   2.6302216e+001  -4.8000107e+000
'#G_gorilla_F_clavicle_R
-4.3652935e+001   4.3936279e+001  -5.6424736e+001
-5.0360905e+001   5.5976616e+001  -5.2577610e+001
3.0608997e+001   3.6318459e+001   2.5591682e+001
3.9506718e+001   1.3245532e+001   1.3390255e+001
4.1405792e+001   1.3937137e+001   2.4920254e+001
-4.6623863e+001   4.9792675e+001  -5.4556236e+001
4.1070972e+001   1.2622458e+001   1.8798954e+001
'#G_gorilla_F_clavicle_R
1.1191826e+001   4.7981976e+001  -6.5641060e+001
1.9666748e+000   6.1222805e+001  -6.8116028e+001
-2.3161961e+001   3.0802113e+001   4.3163868e+001
-4.9083915e+000   1.2283848e+001   4.9157066e+001
-1.0836223e+001   1.1171746e+001   5.6261696e+001
7.2978191e+000   5.4297287e+001  -6.7926651e+001
-7.6018386e+000   1.1240627e+001   5.2519753e+001
'#G_gorilla_M_clavicle_R
-4.7872047e+001   3.3458992e+001  -7.8553352e+001
-5.2953869e+001   6.1749920e+001  -8.0813309e+001
2.8581030e+001   5.3387203e+001   3.2946575e+001
3.1899508e+001   9.9551430e+000   5.6434944e+001
2.9275032e+001   2.1073612e+001   6.7943542e+001
-5.2242882e+001   4.5379990e+001  -8.2773911e+001
3.0114460e+001   1.4966508e+001   6.3023327e+001
'#G_gorilla_M_clavicle_L
-5.2019295e+001   5.6070877e+001  -7.7923584e+001
-5.6336216e+001   4.1819057e+001  -8.5620163e+001
2.8908821e+001   3.2701462e+001   1.7710670e+001
3.2234634e+001   7.2476738e+001   3.5642555e+001
3.5927498e+001   6.3447151e+001   4.4320160e+001
-5.4558918e+001   4.9748611e+001  -8.1804840e+001
3.3824345e+001   6.8543770e+001   3.9558140e+001
'#G_gorilla_F_clavicle_R
-4.8200874e+001   4.9553249e+001  -5.4037109e+001
-5.1196205e+001   6.0951233e+001  -4.8728767e+001
2.5008657e+001   4.9559132e+001   2.0540489e+001
4.4696869e+001   2.3627701e+001   1.7449701e+001
4.4965946e+001   2.7422417e+001   2.9819946e+001
-4.9753082e+001   5.4867268e+001  -5.1841892e+001
4.4867550e+001   2.4827553e+001   2.3591644e+001
'#G_gorilla_F_clavicle_R
4.8333286e+001   4.2303101e+001  -8.3553743e+000
4.8154583e+001   3.0878553e+001   5.6906452e+000
-5.5247643e+001   2.7946398e+001   1.0091042e+001
-7.5487473e+001   5.0342747e+001  -4.9265022e+000
-7.7680573e+001   4.4309418e+001   7.2540064e+000
4.6002785e+001   3.7961140e+001  -2.3390169e+000
-7.6670975e+001   4.7927422e+001   9.9295235e-001
'#G_gorilla_M_clavicle_R
5.4090107e+001   4.3429249e+001  -1.7824812e+001
5.8084332e+001   6.4168129e+001  -1.0721481e+001
-6.1708855e+001   5.1899284e+001   1.2423658e+000
-9.2412872e+001   1.7035151e+001  -1.3847908e+001
-1.0189010e+002   2.7209301e+001  -1.2928207e+001
5.8981552e+001   5.3664955e+001  -1.4398973e+001
-9.8247353e+001   2.1027475e+001  -1.4873005e+001
'#G_gorilla_F_clavicle_R
3.1830004e+001   5.1862289e+001  -5.1949608e+001
1.8590679e+001   6.6799568e+001  -5.7370972e+001
-3.9568851e+001   3.8786270e+001   2.1375034e+001
-2.4522518e+001   1.8381577e+001   3.8717472e+001
-3.4582500e+001   1.5985494e+001   4.3477795e+001
2.7235909e+001   5.8731201e+001  -5.5872437e+001
-2.9317816e+001   1.6973824e+001   4.1176334e+001
'#G_gorilla_F_clavicle_R
-5.0171059e+001   4.4679878e+001  -4.9360771e+001
-5.6781727e+001   5.6284695e+001  -4.3541161e+001
2.8189598e+001   4.7978790e+001   2.5302139e+001
5.4076809e+001   2.8014843e+001   2.1858601e+001
5.5633003e+001   3.0253628e+001   3.2266270e+001
-5.3253338e+001   5.0326946e+001  -4.6393913e+001
5.5122650e+001   2.8616541e+001   2.7057560e+001
'#G_gorilla_F_clavicle_R
4.4637170e+000   4.7938984e+001  -5.5391365e+001
-2.5866580e+000   5.9039524e+001  -5.5928444e+001
-1.6042580e+001   4.1875999e+001   5.1379223e+001
-1.3049135e+000   1.3492506e+001   5.6168446e+001
-5.8508692e+000   1.4461479e+001   6.3584747e+001
1.3803158e+000   5.3251431e+001  -5.7096489e+001
-3.1576624e+000   1.3451309e+001   5.9802464e+001
'#G_gorilla_M_clavicle_R
-3.9687668e+001   4.0790386e+001  -8.1948692e+001
-4.2344589e+001   6.4472260e+001  -8.3366127e+001
2.7538193e+001   5.0568169e+001   2.4320740e+001
3.4077774e+001   1.0131439e+001   5.1099293e+001
3.5196331e+001   1.8620821e+001   6.1057896e+001
-3.9940735e+001   5.1194023e+001  -8.0553123e+001
3.4405590e+001   1.4177340e+001   5.5881138e+001
'#G_gorilla_M_clavicle_R
-5.9464684e+001   3.8457329e+001  -6.7023613e+001
-5.7891342e+001   5.5546047e+001  -7.8371201e+001
3.3828125e+001   4.5288368e+001   2.9488728e+001
2.6279812e+001   1.2984789e+001   2.8321056e+001
3.6785614e+001   1.6172928e+001   4.2000687e+001
-6.2120377e+001   4.6268726e+001  -7.5583809e+001
3.1494030e+001   1.4445816e+001   3.5045471e+001
'#G_gorilla_F_clavicle_R
-4.6990814e+001   4.9466652e+001  -5.7317665e+001
-4.5988098e+001   6.3456921e+001  -5.5593033e+001
2.5376184e+001   4.9359318e+001   2.4095604e+001
3.5845337e+001   2.3570059e+001   3.1375633e+001
3.9663071e+001   2.7768841e+001   3.8133476e+001
-4.6938690e+001   5.5338680e+001  -5.6922424e+001
3.8035934e+001   2.4722000e+001   3.5071159e+001
'#G_gorilla_M_clavicle_L
6.1828140e+001   4.0912731e+001   1.5915905e+001
5.9626274e+001   5.6182011e+001   1.9885477e+001
-6.5658379e+001   4.8257622e+001  -9.9506454e+000
-8.0615578e+001   1.3816655e+001  -3.3318268e+001
-8.9876564e+001   2.6109406e+001  -3.1503696e+001
6.0139580e+001   4.7005428e+001   1.7370258e+001
-8.5863235e+001   1.8486979e+001  -3.3431038e+001
'#G_gorilla_M_clavicle_L
-6.5244881e+001   4.6971497e+001  -6.3052406e+001
-6.5317108e+001   6.3446533e+001  -6.0669464e+001
3.1857971e+001   5.3753029e+001   3.0276432e+001
4.8872143e+001   1.5201617e+001   4.1135193e+001
5.1971916e+001   2.3399866e+001   5.2621651e+001
-6.5424080e+001   5.4597858e+001  -6.2458252e+001
5.0400246e+001   1.8282591e+001   4.7204247e+001
'#G_gorilla_M_clavicle_R
4.7736099e+001   4.3841843e+001  -1.9523491e+001
4.2638290e+001   5.8237492e+001  -3.5000660e+001
-7.4711777e+001   3.4032558e+001   1.4715788e+001
-6.6000504e+001   1.5791633e+001   4.3569557e+001
-7.6191566e+001   1.4746582e+001   4.4760689e+001
4.5481667e+001   5.0424976e+001  -2.6842049e+001
-7.0585197e+001   1.4220501e+001   4.4994934e+001
'#G_gorilla_M_clavicle_R
-7.0615227e+001   3.1941330e+001  -5.4615936e+001
-6.7390579e+001   1.2452796e+001  -5.4700298e+001
4.9704849e+001   2.2004347e+001   1.1664921e+001
6.5517830e+001   6.1742001e+001   2.3572525e+001
7.3663651e+001   5.2589199e+001   2.2924591e+001
-7.0549934e+001   2.3246721e+001  -5.5368725e+001
6.9837326e+001   5.7253788e+001   2.3332275e+001
'#G_gorilla_F_clavicle_R
-5.8176075e+001   5.2847702e+001  -4.0979668e+001
-5.3019802e+001   3.5945896e+001  -5.4177853e+001
2.9205826e+001   4.0546925e+001  -1.1004562e+000
4.3657448e+001   6.4774475e+001   1.9845167e+001
5.4352856e+001   5.4406773e+001   1.3674942e+001
-5.8066704e+001   4.4905525e+001  -4.8543507e+001
5.0514755e+001   6.0187164e+001   1.7112606e+001
'#G_gorilla_M_clavicle_R
6.9271088e+001   5.2234791e+001  -2.2087624e+001
6.8241150e+001   6.5489212e+001  -1.0614641e+001
-7.1602753e+001   3.4490936e+001   1.9453491e+001
-9.5998421e+001   1.3265149e+001   1.7521915e+000
-1.0136064e+002   2.2271971e+001   1.2583592e+001
6.9578064e+001   5.8854824e+001  -1.6732464e+001
-1.0083877e+002   1.6440300e+001   6.7897849e+000
'#G_gorilla_F_clavicle_L
-6.1058388e+001   5.7229073e+001  -2.7593204e+001
-4.9058018e+001   6.8768173e+001  -3.4464653e+001
2.2403126e+001   3.3291470e+001   3.6077785e+001
1.6803661e+001   7.3295937e+000   5.8341801e+001
2.7882849e+001   1.3925117e+001   5.6375706e+001
-5.6859100e+001   6.3117798e+001  -3.2525047e+001
2.2617542e+001   8.9993038e+000   5.8455753e+001
'#G_gorilla_M_clavicle_R
-8.0478065e+001   6.0467621e+001  -4.7853466e+001
-8.9099533e+001   7.0131332e+001  -2.8411156e+001
1.2424541e+001   3.3969078e+001   4.9091812e+001
4.7054771e+001   1.3379801e+001   2.6841473e+001
5.0647686e+001   1.0777509e+001   4.5501911e+001
-8.4192329e+001   6.4769173e+001  -3.8716297e+001
4.9412945e+001   1.0791303e+001   3.5608902e+001
'#G_gorilla_F_clavicle_R
-6.2918270e+001   5.0976658e+001  -3.5467323e+001
-5.2951920e+001   4.2369385e+001  -4.8504677e+001
1.8701130e+001   2.6779219e+001   2.6174931e+001
1.6765827e+001   4.0805733e+001   5.8287735e+001
3.1791769e+001   3.8810966e+001   5.4399700e+001
-6.0632263e+001   4.6949951e+001  -4.4162949e+001
2.4439844e+001   4.0193634e+001   5.6933189e+001
'#G_gorilla_F_clavicle_L
-5.8536537e+001   8.5378822e+001  -3.3872757e+001
-7.1114517e+001   6.9919701e+001  -3.2719070e+001
-3.3880844e+000   3.8364738e+001   6.4549889e+001
1.8246439e+001   5.6974754e+001   7.0319191e+001
1.4129137e+001   5.0564735e+001   8.1484619e+001
-6.6274193e+001   7.8447998e+001  -3.5351250e+001
1.7259766e+001   5.5280540e+001   7.6082062e+001
'#H_lar_F_clavicle_R
3.9235146e+001   4.6721596e+001   1.0150175e+002
4.3011070e+001   5.0377953e+001   9.7181358e+001
-4.8033676e+000   5.2389805e+001   4.2564056e+001
-2.2188187e+001   4.5794895e+001   4.1810776e+001
-2.1948101e+001   5.0111538e+001   3.4859131e+001
4.0987213e+001   4.8333874e+001   9.9541565e+001
-2.1287888e+001   4.8041508e+001   3.9152298e+001
'#H_lar_F_clavicle_R
-1.9228104e+001   4.5424736e+001   3.5897820e+001
-1.9908194e+001   3.8191338e+001   3.6765663e+001
2.8222385e+001   3.3366470e+001   7.7470871e+001
3.3590279e+001   4.2423485e+001   8.5061104e+001
3.5956146e+001   3.5221291e+001   8.9170021e+001
-1.9704449e+001   4.2009953e+001   3.6147907e+001
3.4213326e+001   3.8709267e+001   8.6635727e+001
'#H_lar_F_clavicle_R
3.6304253e+001   4.2546459e+001   9.4545380e+001
3.8342712e+001   5.0716747e+001   9.1624611e+001
-1.8832106e+001   5.5153957e+001   4.4916847e+001
-2.6625465e+001   4.6165218e+001   4.5377674e+001
-3.0440434e+001   5.2366066e+001   4.0664150e+001
3.7637123e+001   4.6243603e+001   9.3385826e+001
-2.8581371e+001   4.9253605e+001   4.3235130e+001
'#H_lar_F_clavicle_R
3.8514107e+001   4.5196423e+001   8.4397232e+001
3.2945160e+001   5.0612457e+001   8.7394188e+001
-1.3392553e+001   5.0452427e+001   3.7412750e+001
-1.0867731e+001   4.4059006e+001   2.1712330e+001
-1.8676266e+001   5.1969704e+001   2.2179741e+001
3.5914619e+001   4.8001778e+001   8.5906837e+001
-1.5101394e+001   4.8150944e+001   2.1472298e+001
'#H_lar_F_clavicle_R
-4.4974918e+000   4.4851189e+001   5.0741043e+001
-1.7196655e+000   5.0525795e+001   5.0475586e+001
4.8923958e+001   4.9857887e+001   1.0209040e+002
5.5311180e+001   3.9215302e+001   1.1002411e+002
5.9561195e+001   4.4352028e+001   1.1056242e+002
-2.9748745e+000   4.7585522e+001   5.1123501e+001
5.7879642e+001   4.1327660e+001   1.1042551e+002
'#H_lar_F_clavicle_R
5.1012817e+001   1.1813159e+001   4.2734909e-001
5.8465294e+001   1.0439857e+001   4.4042740e+000
4.6924053e+001   3.5723557e+001   6.3801132e+001
3.6392113e+001   4.3963844e+001   6.3859825e+001
4.1295429e+001   4.5162258e+001   7.2872261e+001
5.4451485e+001   1.1046117e+001   2.1031189e+000
3.8898426e+001   4.4644882e+001   6.8430206e+001
'#H_lar_F_clavicle_R
2.8683279e+001   6.7473369e+000   8.6863503e+001
2.8983120e+001   2.7487204e+000   7.9153656e+001
-1.8612337e+001   5.8033794e+001   4.4135750e+001
-2.6479149e+001   6.6773094e+001   4.9498169e+001
-2.7733686e+001   6.5844612e+001   4.1158905e+001
2.9007908e+001   4.3744001e+000   8.3144180e+001
-2.7420460e+001   6.6375984e+001   4.5504223e+001
'#H_lar_M_clavicle_R
3.8805115e+001   4.7964005e+001   8.1787491e+001
4.2154663e+001   5.1589386e+001   7.7523155e+001
-2.1300707e+000   5.4090580e+001   2.4383032e+001
-1.7783527e+001   5.1561245e+001   2.3200268e+001
-1.6606825e+001   5.6890499e+001   1.5864836e+001
4.0289063e+001   4.9638615e+001   7.9847427e+001
-1.6999065e+001   5.4509354e+001   1.9699306e+001
'#H_lar_F_clavicle_R
4.3881996e+001   5.9680183e+001   7.9864235e+001
4.2721111e+001   6.7232391e+001   7.7871262e+001
-1.2333073e+001   5.5738636e+001   2.5565004e+001
-2.0345169e+001   4.5463245e+001   2.3025208e+001
-2.5587215e+001   5.1150703e+001   1.8915524e+001
4.3566238e+001   6.3177589e+001   7.9252792e+001
-2.2701687e+001   4.8548901e+001   2.1503061e+001
'#H_lar_F_clavicle_R
-2.8905363e+000   5.0722382e+001   3.0241165e+001
-1.3849993e+000   5.8928104e+001   3.0582531e+001
4.4692604e+001   5.6170242e+001   7.8742775e+001
5.0990677e+001   4.6351040e+001   8.3839165e+001
5.5224598e+001   5.2701576e+001   8.5727814e+001
-2.5765848e+000   5.4509029e+001   3.0026001e+001
5.3476082e+001   4.9041740e+001   8.5018478e+001
'#H_lar_F_clavicle_R
4.3513203e+001   4.6312199e+001   7.8870384e+001
4.6698494e+001   5.3187389e+001   7.4040253e+001
-1.4518072e+001   5.7794956e+001   3.0160461e+001
-2.4423496e+001   5.0466854e+001   2.2821512e+001
-2.3639301e+001   5.3217636e+001   1.9698612e+001
4.5555248e+001   4.9651085e+001   7.6956863e+001
-2.4228848e+001   5.1784927e+001   2.1229856e+001
'#H_lar_M_clavicle_R
4.7276192e+001   4.1464165e+001   5.9684227e+001
4.3529976e+001   4.5435753e+001   6.5653160e+001
-2.2675524e+001   2.9177746e+001   6.3369499e+001
-3.2677731e+001   2.1145109e+001   5.5938251e+001
-3.5185547e+001   2.3488197e+001   6.0633091e+001
4.5792274e+001   4.3264160e+001   6.2363392e+001
-3.3940964e+001   2.2210966e+001   5.8366951e+001
'#H_lar_M_clavicle_R
4.0095428e+001   3.2598385e+001   7.4192284e+001
3.4417130e+001   2.7479624e+001   7.4701218e+001
-9.4711199e+000   5.1501759e+001   2.8898216e+001
-9.5479555e+000   6.1753761e+001   1.6798182e+001
-1.6577950e+001   5.6793194e+001   1.5486616e+001
3.7362999e+001   3.0193285e+001   7.4433556e+001
-1.2819289e+001   5.9035049e+001   1.6464191e+001
'#H_lar_M_clavicle_R
4.2559166e+001   3.4354881e+001   8.7550468e+001
3.8850914e+001   2.7870838e+001   8.9415550e+001
-2.6795101e+001   4.2133190e+001   4.0720222e+001
-2.7327961e+001   5.4673019e+001   2.8372654e+001
-3.6019058e+001   5.0155815e+001   2.6711683e+001
4.1022198e+001   3.1215855e+001   8.8540627e+001
-3.1559418e+001   5.2251087e+001   2.7460632e+001
'#H_lar_F_clavicle_R
3.0612965e+001   3.7258022e+001   9.8917038e+001
2.5758345e+001   3.0984488e+001   1.0196353e+002
-2.3305859e+001   3.5640789e+001   4.6447975e+001
-2.5446356e+001   4.6744343e+001   3.8423695e+001
-3.1163448e+001   4.2573284e+001   3.7808800e+001
2.8622116e+001   3.4411915e+001   1.0047497e+002
-2.7884369e+001   4.4745174e+001   3.8814507e+001
'#H_lar_M_clavicle_R
3.6669666e+001   4.7833786e+001   7.9905289e+001
3.9489029e+001   5.1713570e+001   7.7611374e+001
-9.3094673e+000   6.3360847e+001   3.3463833e+001
-1.8903877e+001   5.5337044e+001   2.9123930e+001
-1.8105114e+001   5.9426128e+001   2.3997593e+001
3.8120293e+001   4.9774517e+001   7.8926552e+001
-1.8216192e+001   5.7533604e+001   2.6642626e+001
'#H_lar_F_clavicle_R
4.0376549e+001   4.6591618e+001   7.5912720e+001
4.2231846e+001   5.1992840e+001   7.1856750e+001
-1.4737644e+001   5.4825443e+001   3.6668278e+001
-2.2230772e+001   4.5743866e+001   3.6849174e+001
-2.5403698e+001   5.0043873e+001   2.9987385e+001
4.1167458e+001   4.8952595e+001   7.4279381e+001
-2.4004866e+001   4.7521561e+001   3.3567814e+001
'#H_lar_M_clavicle_R
2.8498543e+001   5.0711460e+001   8.5175484e+001
3.1341087e+001   5.8277966e+001   8.0810867e+001
-1.9082163e+001   5.8613941e+001   2.8788942e+001
-3.2652046e+001   5.2595692e+001   2.8901608e+001
-3.3785290e+001   5.8844048e+001   2.3637972e+001
3.0620888e+001   5.4623543e+001   8.3539108e+001
-3.2650490e+001   5.6030136e+001   2.6663509e+001
'#H_lar_F_clavicle_R
-2.4238750e+001   4.6358063e+001   3.5708656e+001
-2.1846275e+001   5.4539387e+001   3.6383850e+001
8.1464825e+000   5.0620316e+001   1.0004308e+002
6.1867204e+000   4.1412262e+001   1.0807328e+002
9.0022764e+000   4.7078064e+001   1.1313637e+002
-2.3366476e+001   5.0183937e+001   3.5499176e+001
7.6198654e+000   4.4032612e+001   1.1070448e+002
'#H_lar_F_clavicle_R
-2.2745813e+001   5.4668514e+001   2.0210981e+001
-2.1778364e+001   6.1333557e+001   2.1232641e+001
3.0435461e+001   5.2336758e+001   7.6316360e+001
3.7175720e+001   4.1767582e+001   7.8249420e+001
4.1472153e+001   4.6511719e+001   8.1441437e+001
-2.2352079e+001   5.7738056e+001   2.0658646e+001
3.9524540e+001   4.4121468e+001   7.9804649e+001
'#H_lar_F_clavicle_R
-2.9721220e+001   5.1478024e+001   1.5548564e+001
-2.7863857e+001   5.7091042e+001   1.4986468e+001
2.4692738e+001   5.6397438e+001   6.7738945e+001
3.5783882e+001   4.7359325e+001   7.5789902e+001
3.8320660e+001   5.4954849e+001   7.5128647e+001
-2.9119154e+001   5.4236004e+001   1.4915574e+001
3.6628494e+001   5.1305046e+001   7.4952011e+001
'#H_lar_M_clavicle_R
3.8544899e+001   4.9596321e+001   7.9600250e+001
3.4160145e+001   5.4501041e+001   8.2614693e+001
-1.8386227e+001   6.0035225e+001   3.8634579e+001
-2.8442003e+001   5.6295158e+001   3.0372511e+001
-2.3993517e+001   5.0670132e+001   2.6542206e+001
3.6918518e+001   5.1823242e+001   8.1532944e+001
-2.5705236e+001   5.3260303e+001   2.8805260e+001
'#H_lar_M_clavicle_R
-1.6988110e+001   4.6061462e+001   2.7441090e+001
-1.5329704e+001   4.0104736e+001   2.6445618e+001
3.7828770e+001   3.6213093e+001   7.5051979e+001
4.5882828e+001   4.5977524e+001   8.0654572e+001
5.0509476e+001   3.8830303e+001   8.0973557e+001
-1.6637028e+001   4.3303387e+001   2.6613733e+001
4.7132698e+001   4.2186764e+001   7.9711563e+001
'#H_lar_M_clavicle_R
3.7582458e+001   3.9801594e+001   7.8540207e+001
3.4656658e+001   3.4900772e+001   8.6096008e+001
-2.5942562e+001   4.6245056e+001   3.9580582e+001
-2.6258078e+001   5.1044998e+001   2.4586159e+001
-3.3684669e+001   4.8143372e+001   2.7787973e+001
3.6981750e+001   3.7357243e+001   8.3004379e+001
-2.8759890e+001   4.8758095e+001   2.7185562e+001
'#H_lar_F_clavicle_R
4.8067417e+001   4.2449123e+001   8.0258476e+001
5.0740723e+001   5.0457104e+001   7.5789192e+001
-6.7560081e+000   5.0555809e+001   2.7338287e+001
-2.3312191e+001   4.1626354e+001   2.8701283e+001
-2.2857559e+001   5.1479069e+001   2.2781643e+001
4.9594028e+001   4.6459297e+001   7.8236267e+001
-2.1933624e+001   4.6472721e+001   2.6755337e+001
'#H_lar_F_clavicle_R
3.9681328e+001   5.2386761e+001   8.7408493e+001
4.3571526e+001   5.5741119e+001   8.1324295e+001
-1.7740381e+001   5.6593723e+001   3.5180222e+001
-3.1120319e+001   5.1828522e+001   3.6997585e+001
-3.0634813e+001   5.6796078e+001   2.8257332e+001
4.1215782e+001   5.3850082e+001   8.4448540e+001
-3.0965055e+001   5.4342674e+001   3.2991955e+001
'#H_lar_F_clavicle_R
-2.9777454e+001   4.1391964e+001   3.1771984e+001
-2.7474157e+001   3.6055843e+001   2.9535128e+001
3.8921841e+001   4.1557606e+001   6.9234833e+001
4.4010441e+001   4.8167099e+001   7.7778458e+001
4.7283749e+001   4.4804424e+001   7.7463997e+001
-2.8994137e+001   3.9049625e+001   3.0678246e+001
4.5614796e+001   4.6547230e+001   7.7724182e+001
'#H_lar_M_clavicle_R
3.5311237e+001   5.2933365e+001   7.2285423e+001
3.7491547e+001   5.9082588e+001   6.9390213e+001
-2.2222511e+001   5.5341084e+001   3.6743855e+001
-3.1617271e+001   4.5429138e+001   4.0412563e+001
-3.6155159e+001   5.2069107e+001   3.5223869e+001
3.6540550e+001   5.6008671e+001   7.0942696e+001
-3.3915424e+001   4.8918888e+001   3.8177345e+001
'#H_lar_M_clavicle_R
-1.1756573e+001   5.1106670e+001   1.9926220e+001
-1.1936657e+001   5.8339981e+001   2.1649616e+001
2.5806742e+001   6.1030399e+001   8.5702072e+001
3.4877975e+001   5.1874577e+001   9.2198044e+001
3.5264027e+001   5.9870144e+001   9.4973824e+001
-1.1937267e+001   5.4405254e+001   2.0578648e+001
3.5332413e+001   5.5698814e+001   9.3649323e+001
'#H_lar_F_clavicle_R
-2.7781693e+001   4.3002258e+001   3.3799992e+001
-2.8425598e+001   3.7264908e+001   3.6442039e+001
2.8079964e+001   2.4329290e+001   6.9100647e+001
4.0686703e+001   3.2658863e+001   7.4900558e+001
3.9958427e+001   2.4574829e+001   7.7902420e+001
-2.8520729e+001   4.0071644e+001   3.4987320e+001
4.0220474e+001   2.8880886e+001   7.6370163e+001
'#H_lar_M_clavicle_R
-2.0580055e+001   5.7153168e+001   2.3338892e+001
-1.8630087e+001   6.2335472e+001   2.5626841e+001
2.4787262e+001   4.7321716e+001   7.7447266e+001
3.2962357e+001   3.5337349e+001   8.1338333e+001
3.5981644e+001   4.1678383e+001   8.3517563e+001
-1.9844074e+001   5.9840099e+001   2.4211380e+001
3.4491280e+001   3.8581997e+001   8.2290558e+001
'#H_lar_F_clavicle_R
-2.6206652e+001   5.3972088e+001   4.0655735e+001
-2.2196650e+001   6.1952690e+001   4.0212536e+001
3.4558434e+001   4.1937225e+001   7.7960098e+001
3.6738747e+001   3.1069336e+001   8.0917023e+001
4.5723618e+001   3.4563015e+001   8.2332977e+001
-2.4652767e+001   5.7784824e+001   4.0109169e+001
4.1554283e+001   3.2237606e+001   8.1710869e+001
'#H_lar_F_clavicle_L
4.2671417e+001   3.6239147e+001   8.2801109e+001
4.4903450e+001   4.1629536e+001   7.9401169e+001
-2.1025242e+001   5.2219925e+001   3.4491356e+001
-3.1790009e+001   4.2900135e+001   3.4036949e+001
-3.2854359e+001   4.9594707e+001   2.8586437e+001
4.3599552e+001   3.8579967e+001   8.1256210e+001
-3.2257004e+001   4.6149818e+001   3.1370317e+001
'#H_lar_M_clavicle_R
4.0103653e+001   4.0873619e+001   8.2311859e+001
4.0390381e+001   4.6639000e+001   8.0722549e+001
-1.8041344e+001   5.1783993e+001   3.6374115e+001
-3.0276121e+001   4.2569187e+001   3.2325966e+001
-3.0433756e+001   4.9041065e+001   3.0589827e+001
4.0427135e+001   4.3504929e+001   8.1645378e+001
-3.0482693e+001   4.5617470e+001   3.1651529e+001
'#H_lar_M_clavicle_R
2.9826778e+001   3.9427299e+001   8.9764465e+001
2.3988445e+001   4.1988834e+001   9.3219635e+001
-2.1363619e+001   4.5320961e+001   3.2093346e+001
-1.9318737e+001   4.0978687e+001   2.1313999e+001
-2.7876577e+001   4.1987888e+001   1.9949995e+001
2.7426285e+001   4.0484550e+001   9.1723236e+001
-2.3340527e+001   4.1278088e+001   2.0706808e+001
'#H_lar_F_clavicle_R
-2.3437870e+001   4.9477219e+001   1.3439098e+001
-2.2626415e+001   5.6715202e+001   1.4575996e+001
2.4368441e+001   5.3672798e+001   6.3545948e+001
3.4791451e+001   4.2620125e+001   6.7872055e+001
3.8020920e+001   5.0286762e+001   7.0358498e+001
-2.3220539e+001   5.2955803e+001   1.3725788e+001
3.6518085e+001   4.6161442e+001   6.8946198e+001
'#H_lar_F_clavicle_R
3.9194962e+001   3.2885975e+001   7.8720818e+001
3.3608276e+001   2.8360964e+001   8.2514153e+001
-2.4937626e+001   3.9578667e+001   3.5477100e+001
-2.4414999e+001   4.7968746e+001   2.0348118e+001
-3.3763012e+001   4.2600319e+001   2.0387421e+001
3.6745300e+001   3.0907343e+001   8.0471420e+001
-2.9072359e+001   4.5185505e+001   2.0254011e+001
'#H_lar_M_clavicle_R
-2.0175117e+001   5.7010773e+001   2.0856001e+001
-1.6996513e+001   6.3270027e+001   2.2269012e+001
3.0862659e+001   5.3566719e+001   7.1531067e+001
3.7413795e+001   4.1273552e+001   7.9133316e+001
4.1285309e+001   4.8595154e+001   8.0093750e+001
-1.8902382e+001   5.9811550e+001   2.1441774e+001
3.8819431e+001   4.4996204e+001   7.9108917e+001
'#H_lar_F_clavicle_R
-1.6597448e+001   4.9407063e+001   3.1196278e+001
-1.1506737e+001   5.6052837e+001   2.8162041e+001
3.4826321e+001   5.5373608e+001   8.0929214e+001
3.9483742e+001   4.4625412e+001   9.0866249e+001
4.3730545e+001   4.9175911e+001   8.9311523e+001
-1.4320865e+001   5.2490376e+001   2.9675404e+001
4.1487553e+001   4.6753185e+001   9.0188728e+001
'#H_lar_F_clavicle_R
-2.3904261e+001   5.4565090e+001   3.0662849e+001
-2.1293928e+001   6.1359806e+001   3.1385826e+001
3.4387657e+001   4.4706684e+001   7.0046112e+001
4.3517208e+001   3.5974098e+001   7.4217285e+001
4.5811241e+001   4.0365829e+001   7.4935631e+001
-2.2805965e+001   5.7885189e+001   3.0970005e+001
4.4646225e+001   3.8060524e+001   7.4525948e+001
'#H_lar_F_clavicle_R
-2.5953911e+001   4.9960991e+001   1.9924093e+001
-2.4751499e+001   5.6782421e+001   2.0251047e+001
3.1350880e+001   5.5027866e+001   7.2733818e+001
4.1092617e+001   4.6698807e+001   7.8049683e+001
4.4697643e+001   5.4217384e+001   7.9344116e+001
-2.5559797e+001   5.2953449e+001   2.0019402e+001
4.2482891e+001   5.0566441e+001   7.8392517e+001
'#H_lar_M_clavicle_R
4.5456409e+001   4.1181232e+001   7.8676422e+001
4.7457584e+001   4.4436440e+001   7.2939331e+001
-1.9262547e+001   4.1720978e+001   3.0150866e+001
-3.6342655e+001   4.2912193e+001   3.0911343e+001
-3.2271503e+001   4.7122742e+001   2.5357311e+001
4.6631935e+001   4.2626041e+001   7.6106682e+001
-3.4061035e+001   4.4878162e+001   2.8815487e+001
'#H_lar_M_clavicle_R
-2.3695635e+001   5.5302189e+001   3.2987679e+001
-2.0561855e+001   6.1957497e+001   3.2369583e+001
3.8949184e+001   4.7405724e+001   6.6483368e+001
4.7911041e+001   3.6606808e+001   6.7887238e+001
5.2756317e+001   4.3075329e+001   6.7425201e+001
-2.2402897e+001   5.8388306e+001   3.2660160e+001
5.0408974e+001   3.9708031e+001   6.7613152e+001
'#H_lar_M_clavicle_R
-2.8151165e+001   5.0765488e+001   2.4056150e+001
-2.3837156e+001   5.7660988e+001   1.9326851e+001
3.4080864e+001   5.6330254e+001   6.4011971e+001
3.7345333e+001   4.5899784e+001   7.3034775e+001
4.3961411e+001   5.1209045e+001   7.1395821e+001
-2.5996931e+001   5.3895500e+001   2.2062223e+001
4.0595741e+001   4.8159176e+001   7.2323456e+001
'#H_lar_M_clavicle_R
4.7448555e+001   5.1053364e+001   7.4098946e+001
4.9671696e+001   5.3317490e+001   6.8151566e+001
-1.2679567e+001   4.8429207e+001   2.0542110e+001
-2.9947933e+001   4.4795467e+001   2.2080980e+001
-2.6458530e+001   4.8647484e+001   1.4144073e+001
4.8765076e+001   5.2177563e+001   7.1688515e+001
-2.8842934e+001   4.6500435e+001   1.7768444e+001
'#M_mulatta_F_clavicle_L
3.1827551e+001   5.6889374e+001  -6.6438759e+001
2.9796352e+001   6.1524532e+001  -5.9923996e+001
-5.6988816e+000   5.2003651e+001  -7.4481926e+001
-5.9699821e+000   4.2900917e+001  -7.9056496e+001
-1.0014390e+001   4.5759716e+001  -7.6117332e+001
3.0316303e+001   5.9066727e+001  -6.3492424e+001
-7.6535864e+000   4.4986382e+001  -7.8065842e+001
'#M_mulatta_F_clavicle_L
-4.1910774e+001   4.0545460e+001  -2.6875725e+001
-4.0757778e+001   4.7259064e+001  -2.9821907e+001
-5.3459339e+001   1.9550997e+001  -5.9641773e+001
-6.0031715e+001   9.8258753e+000  -5.6498440e+001
-6.0193836e+001   1.2017452e+001  -6.2245937e+001
-4.0819016e+001   4.5016975e+001  -2.7203867e+001
-5.9225433e+001   1.1412633e+001  -5.9376133e+001
'#M_mulatta_M_clavicle_R
-6.1608204e+001   4.9395164e+001  -2.8237343e+001
-6.0400455e+001   4.4973366e+001  -2.3062004e+001
-5.7079582e+001   2.2971363e+001  -6.2428020e+001
-6.3781330e+001   2.6130110e+001  -7.3537628e+001
-6.1573914e+001   2.0198862e+001  -7.2072876e+001
-6.1016247e+001   4.7376728e+001  -2.5426464e+001
-6.2343849e+001   2.3645170e+001  -7.2411919e+001
'#M_mulatta_M_clavicle_R
2.9260597e+001   4.4349854e+001   1.9312241e+001
3.2102726e+001   4.2126354e+001   2.0730484e+001
1.9624786e+000   1.6556654e+001   5.3360962e+001
-9.5129910e+000   1.9393679e+001   5.8577370e+001
-5.3987455e+000   1.5947975e+001   6.1821281e+001
3.0633980e+001   4.3214813e+001   1.9951088e+001
-7.2842770e+000   1.7644077e+001   5.9699959e+001
'#M_mulatta_F_clavicle_R
6.2574635e+000   1.0062404e+001   1.8146265e+001
7.3273306e+000   1.0910770e+001   2.2551826e+001
-1.9002480e+001   4.5529713e+001   3.7305283e+001
-2.9339481e+001   4.8090919e+001   3.1325123e+001
-2.6910492e+001   5.2486732e+001   3.3944920e+001
6.9070024e+000   1.0299069e+001   2.0211441e+001
-2.8194929e+001   4.9996143e+001   3.2821842e+001
'#M_mulatta_F_clavicle_R
4.0449249e+001   1.6239935e+001   3.7413345e+001
3.8872269e+001   1.7024935e+001   3.3311722e+001
9.2011604e+000   4.3372978e+001   5.2925510e+001
9.1508570e+000   4.7677578e+001   6.5744713e+001
4.5919285e+000   4.8017559e+001   6.1377392e+001
3.9508564e+001   1.6836571e+001   3.5479874e+001
7.2621393e+000   4.7989792e+001   6.3388706e+001
'#M_mulatta_M_clavicle_R
2.9445049e+001   1.4696352e+001   2.9980528e+001
3.0914553e+001   1.7867287e+001   2.5762711e+001
-7.0204887e+000   3.9678753e+001   3.1818655e+001
-9.4288044e+000   3.8919258e+001   4.3592697e+001
-1.2598797e+001   3.9552322e+001   3.9667191e+001
3.0466352e+001   1.5992091e+001   2.8004122e+001
-1.0652982e+001   3.9525124e+001   4.1597786e+001
'#M_mulatta_F_clavicle_R
-2.5212173e+001   4.9142807e+001   5.7583618e+001
-2.8645569e+001   4.7664547e+001   5.4586472e+001
3.8167210e+000   3.8951653e+001   2.4169609e+001
1.1750239e+001   4.2662395e+001   2.4486652e+001
9.6255121e+000   4.1887020e+001   2.1568581e+001
-2.7056406e+001   4.8565014e+001   5.6476810e+001
1.0448114e+001   4.2128395e+001   2.3342247e+001
'#M_mulatta_F_clavicle_R
-4.2380171e+000   1.6732525e+001   7.2019348e+000
-6.2211256e+000   1.1792065e+001   8.7358265e+000
-2.8342003e+001   4.2909512e+001   3.7931686e+001
-2.6227745e+001   5.2630970e+001   3.5955940e+001
-2.8382917e+001   5.0683891e+001   4.1046719e+001
-5.3135977e+000   1.4385769e+001   8.1100445e+000
-2.7428730e+001   5.1237125e+001   3.8050625e+001
'#M_mulatta_M_clavicle_R
-2.8566711e+001   5.3100132e+001   4.6658092e+001
-3.1376436e+001   5.1714512e+001   4.4533730e+001
-7.9944315e+000   3.0160585e+001   2.0101696e+001
3.2900019e+000   3.2311928e+001   2.0247963e+001
7.8210354e-001   3.1237862e+001   1.6563215e+001
-2.9818975e+001   5.2455093e+001   4.5662338e+001
1.7314911e+000   3.1628586e+001   1.8799454e+001
'#M_mulatta_F_clavicle_R
-4.1380051e+001   5.4237728e+001   3.7942905e+001
-4.4488396e+001   4.7834579e+001   3.7322330e+001
-1.2637253e+001   3.3581905e+001   1.7542831e+001
-6.6479445e+000   3.9266262e+001   8.4951334e+000
-8.7424726e+000   3.3645535e+001   8.4666700e+000
-4.3249313e+001   5.1224915e+001   3.7861759e+001
-7.6701202e+000   3.6568497e+001   8.8922310e+000
'#M_mulatta_M_clavicle_R
4.6779312e+001   9.8787041e+000   3.3009029e+001
4.4462814e+001   8.9763861e+000   2.8350218e+001
-9.6560097e-001   3.5431911e+001   4.1259018e+001
-1.7179871e-001   4.2991890e+001   5.2567642e+001
-4.8618679e+000   3.9933521e+001   4.9585663e+001
4.4332279e+001   1.0475756e+001   3.1156048e+001
-2.0809002e+000   4.1754501e+001   5.0432972e+001
'#M_mulatta_M_clavicle_R
-3.3752472e+001   4.9979599e+001   4.1873455e+001
-3.7171329e+001   4.6037395e+001   3.9232750e+001
-1.8825359e+000   3.3038254e+001   1.2969959e+001
1.0621798e+001   3.8224583e+001   1.4155763e+001
8.8873549e+000   3.7060280e+001   9.0903130e+000
-3.5553490e+001   4.8092556e+001   4.0635143e+001
9.5034971e+000   3.6858334e+001   1.2161630e+001
'#M_mulatta_F_clavicle_R
2.7486685e+001   1.7874147e+001   2.8755556e+001
2.1874584e+001   1.5441175e+001   2.9667971e+001
8.5351171e+000   4.2323215e+001   5.9954102e+001
1.5020896e+001   5.1858616e+001   6.4802032e+001
1.0846310e+001   4.8103386e+001   6.7803925e+001
2.5051588e+001   1.6761847e+001   2.9116713e+001
1.2681891e+001   4.9852833e+001   6.5596832e+001
'#M_mulatta_M_clavicle_R
-4.1554213e+000   4.7994263e+001   5.6771229e+001
-4.8693933e+000   4.6227066e+001   5.2972889e+001
4.4102280e+001   3.8123066e+001   4.7331833e+001
4.9526466e+001   4.1167511e+001   5.5281601e+001
4.8880585e+001   3.8898937e+001   4.8184914e+001
-3.4181805e+000   4.6863827e+001   5.5044617e+001
4.9925529e+001   4.0607868e+001   5.1753635e+001
'#M_mulatta_F_clavicle_R
3.5209389e+000   2.6967913e+001   2.7798519e+001
6.2857265e+000   2.8885445e+001   3.1407272e+001
-2.9652905e+001   4.7455769e+001   3.7787247e+001
-3.7768990e+001   4.6733856e+001   3.1923323e+001
-3.7226944e+001   5.1319206e+001   3.6147400e+001
4.2026405e+000   2.8077063e+001   2.9542236e+001
-3.6817421e+001   4.8407280e+001   3.4224239e+001
'#M_mulatta_M_clavicle_R
-1.8601404e+001   2.5931944e+001  -5.4990570e+001
-2.1724434e+001   2.9948511e+001  -5.6386112e+001
-1.4709642e+001   5.5893219e+001  -1.9896271e+001
-8.4917145e+000   5.0070339e+001  -1.0870413e+001
-1.2344276e+001   5.3427090e+001  -8.3258448e+000
-2.0242569e+001   2.7528198e+001  -5.6068142e+001
-1.0397796e+001   5.1808449e+001  -9.9355440e+000
'#M_mulatta_M_clavicle_R
2.2944534e+001   2.5850948e+001   2.7357769e+001
2.0623100e+001   2.2564064e+001   2.6388000e+001
-4.8928642e-001   3.8565540e+001   4.8220753e+001
3.1942406e+000   4.4595631e+001   5.0370522e+001
7.7383184e-001   4.2625816e+001   5.2719463e+001
2.2253664e+001   2.4110512e+001   2.6642344e+001
2.3004570e+000   4.3971928e+001   5.1829689e+001
'#M_mulatta_M_clavicle_R
-1.5000290e+001   4.7278214e+001   3.6010777e+001
-1.8271610e+001   4.3108395e+001   3.7516800e+001
1.6588236e+001   1.8164827e+001   3.0262756e+001
2.8799728e+001   2.2656658e+001   2.6114494e+001
2.8008638e+001   1.7356712e+001   2.3800434e+001
-1.6393515e+001   4.5369759e+001   3.6647778e+001
2.8213387e+001   2.0005741e+001   2.5324905e+001
'#M_mulatta_F_clavicle_R
-4.2189598e-001   3.6421696e+001   6.1610909e+001
-2.7567215e+000   4.0166504e+001   5.8859497e+001
2.2822674e+001   3.2905338e+001   2.4096123e+001
3.0183258e+001   2.4408587e+001   2.4835926e+001
3.0755428e+001   2.9220753e+001   2.1835634e+001
-1.3072910e+000   3.8093113e+001   6.0238491e+001
3.0170458e+001   2.6714785e+001   2.3398451e+001
'#M_mulatta_M_clavicle_R
-1.4125027e+001   7.6152778e+000   5.6741249e+001
-1.4787210e+001   1.1248576e+001   6.1248024e+001
2.1335331e+001   3.8502670e+001   3.6218533e+001
2.2311943e+001   3.2981682e+001   2.4898840e+001
2.6369305e+001   3.6199379e+001   2.8814087e+001
-1.4695196e+001   8.8833094e+000   5.8970867e+001
2.3246540e+001   3.5348110e+001   2.7445950e+001
'#M_mulatta_M_clavicle_R
-1.4955203e+001   1.8201834e+001   6.1993210e+001
-1.6104767e+001   1.6666477e+001   5.7593811e+001
1.9596489e+001   4.2603352e+001   3.2253006e+001
2.9903376e+001   4.1163242e+001   3.8283939e+001
2.9770853e+001   4.5727135e+001   3.4162079e+001
-1.5085627e+001   1.7746183e+001   5.9688679e+001
2.9674839e+001   4.3044537e+001   3.5840561e+001
'#M_mulatta_M_clavicle_R
2.5828056e+001   3.1580067e+001   1.2140480e+001
3.1401543e+001   3.2999462e+001   1.3297762e+001
9.0944443e+000   5.3660881e+001   5.9247406e+001
-4.4912176e+000   5.6918514e+001   5.9559986e+001
3.0109978e-001   6.0111858e+001   6.2147747e+001
2.8448120e+001   3.2162327e+001   1.2385862e+001
-1.1923351e+000   5.7300659e+001   6.0482037e+001
'#M_mulatta_F_clavicle_R
2.4451624e+001   2.6251076e+001   1.4215674e+001
3.1618221e+001   3.1000433e+001   1.1711368e+001
7.3550491e+000   4.6362942e+001   5.0905293e+001
-1.3362427e+000   3.9434151e+001   5.3136478e+001
-5.8789825e-001   4.6399895e+001   5.6709175e+001
2.7946762e+001   2.7826305e+001   1.2009645e+001
-9.9168587e-001   4.2723286e+001   5.5052830e+001
'#M_mulatta_M_clavicle_R
4.4006992e+001   1.6070536e+001   4.2913418e+001
4.1821007e+001   1.4017366e+001   3.8589973e+001
7.1763225e+000   3.7697063e+001   4.4449139e+001
7.1489725e+000   4.7991657e+001   5.2429619e+001
1.2188194e+000   4.5007061e+001   5.0957352e+001
4.3028900e+001   1.5167605e+001   4.0892426e+001
4.3297920e+000   4.6374554e+001   5.1266434e+001
'#M_mulatta_F_clavicle_L
-1.9934895e+001   4.1432667e+001   2.4673603e+001
-1.9763342e+001   3.9563679e+001   3.0207350e+001
-6.3979706e+001   4.2021183e+001   3.0122370e+001
-6.9191612e+001   4.3338245e+001   2.0870562e+001
-7.2787926e+001   4.1003468e+001   2.6542152e+001
-2.0045868e+001   4.0589054e+001   2.7177858e+001
-7.0751625e+001   4.2316761e+001   2.3806929e+001
'#P_troglodytes_M_clavicle_R
6.7107193e+001   5.4625996e+001   3.5720669e+001
6.6258934e+001   4.7918922e+001   2.1954262e+001
-3.6620838e+001   4.2710430e+001   1.9567253e+001
-5.8478004e+001   4.6438583e+001   4.7392799e+001
-6.5009453e+001   4.5953045e+001   4.8800877e+001
6.7646988e+001   5.1253048e+001   2.9203602e+001
-6.1609585e+001   4.6379547e+001   4.8826157e+001
'#P_troglodytes_F_clavicle_L
-2.5202560e+001   5.8694946e+001  -1.1944374e+001
-1.2970898e+001   4.9574142e+001  -1.7198872e+001
4.0426319e+001   3.0210524e+001   5.3901192e+001
3.3423241e+001   3.8872669e+001   7.9397186e+001
4.4096317e+001   3.0889843e+001   7.4554909e+001
-1.9929628e+001   5.5089458e+001  -1.6334061e+001
3.8520226e+001   3.5458721e+001   7.6580116e+001
'#P_troglodytes_F_clavicle_L
6.0375080e+001   6.0525433e+001  -6.0317093e+001
7.1330887e+001   6.1744068e+001  -5.1382439e+001
7.2099983e+001  -2.2474148e+001  -2.3281603e+001
5.8083511e+001  -3.6748402e+001  -3.6596947e+001
5.9963108e+001  -4.6545792e+001  -3.0420662e+001
6.5856125e+001   6.2176304e+001  -5.6321053e+001
5.8646690e+001  -4.2006863e+001  -3.3921764e+001
'#P_troglodytes_M_clavicle_L
-1.0877831e+001   2.4503986e+001   8.1369972e+001
-1.1417488e+001   4.2533344e+001   8.1448051e+001
3.7750713e+001   5.2930080e+001   7.0383282e+000
4.2762383e+001   2.9363855e+001  -1.6636871e+001
4.1496101e+001   4.3118790e+001  -1.8118378e+001
-1.0550041e+001   3.3848251e+001   8.0499588e+001
4.2508007e+001   3.6298397e+001  -1.6269806e+001
'#P_troglodytes_M_clavicle_L
-5.8078434e+001   2.6102468e+001   1.4747598e+002
-4.8792332e+001   3.5382736e+001   1.5375616e+002
2.6862278e+000   4.9924835e+001   6.7226265e+001
-1.3170561e+001   4.0773640e+001   3.7267780e+001
-2.4959965e+000   4.9700329e+001   3.4651516e+001
-5.3787834e+001   3.0125624e+001   1.5102423e+002
-8.2470436e+000   4.5125881e+001   3.5769695e+001
'#P_troglodytes_M_clavicle_L
-6.0260582e-001   5.5645050e+001   5.4576290e+001
5.8438215e+000   5.1637558e+001   7.0171127e+001
2.0238758e+001  -3.6362030e+001   5.6534241e+001
3.5434895e+001  -5.0447582e+001   2.6934425e+001
3.7687389e+001  -5.3089603e+001   3.5559242e+001
2.4322796e+000   5.4726791e+001   6.2574837e+001
3.6442684e+001  -5.1784843e+001   3.1295731e+001
'#P_troglodytes_M_clavicle_L
-1.0858653e+001  -4.8768906e+001   3.4005978e+001
1.6277952e+000  -4.8576851e+001   4.6858559e+001
7.2418900e+000   4.2096268e+001   4.3446625e+001
-1.2261322e+001   5.6967590e+001   3.0502544e+001
-5.3223419e+000   6.5897369e+001   3.9093819e+001
-4.9347372e+000  -4.7277771e+001   4.0391090e+001
-9.6418705e+000   6.2122471e+001   3.4909782e+001
'#P_troglodytes_F_clavicle_L
-4.7003761e+001   3.3796444e+001   3.3837391e+001
-3.4056740e+001   4.2154625e+001   3.0408108e+001
2.3377579e+001  -3.4494427e+001   2.2609062e+001
1.8386082e+001  -6.4681038e+001   2.4693760e+001
3.0002220e+001  -6.0969707e+001   2.2439322e+001
-4.0002964e+001   3.7148563e+001   3.1780251e+001
2.4294140e+001  -6.3054829e+001   2.3087460e+001
'#P_troglodytes_M_clavicle_L
-4.7969707e+001   7.7680336e+001  -9.5490402e+001
-6.1103439e+001   6.2839321e+001  -8.8755547e+001
-4.4304047e+001   7.4874748e+001   6.7838669e+000
-2.9283638e+001   1.0025620e+002   2.6840324e+001
-3.6214138e+001   9.2290970e+001   3.5598526e+001
-5.4433170e+001   7.0326561e+001  -9.3236267e+001
-3.2677273e+001   9.6626083e+001   3.1260956e+001
'#P_troglodytes_F_clavicle_R
-3.4354462e+001   3.9615204e+001   7.1290558e+001
-4.2063343e+001   5.3743855e+001   6.9468460e+001
-3.6675930e+000   6.8761963e+001  -1.5389635e+001
2.3514069e+001   6.0405392e+001  -2.0033785e+001
1.8424034e+001   7.1078529e+001  -2.5959496e+001
-3.7602520e+001   4.6746201e+001   6.9800766e+001
2.0591938e+001   6.5169266e+001  -2.2977940e+001
'#P_troglodytes_F_clavicle_L
-2.2904967e+002   1.5245367e+002   2.7570871e+001
-2.4410321e+002   1.5285120e+002   1.8438484e+001
-2.3837044e+002   5.4339893e+001  -1.9526844e+001
-2.2244447e+002   3.2070992e+001  -2.1175766e-001
-2.3055185e+002   2.6045294e+001  -7.9620056e+000
-2.3649040e+002   1.4999969e+002   2.2636452e+001
-2.2667413e+002   2.7710960e+001  -3.5248013e+000
'#P_troglodytes_M_clavicle_R
4.1440029e+001   4.8958855e+001  -8.4699755e+000
3.8542435e+001   5.8707966e+001  -2.6043434e+000
-5.6862110e+001   5.8504845e+001  -1.3061303e+001
-7.0807846e+001   3.0931740e+001  -2.5889359e+001
-8.0498192e+001   3.5043758e+001  -2.4182198e+001
3.9893009e+001   5.3388138e+001  -5.9782791e+000
-7.5923645e+001   3.2001331e+001  -2.5907314e+001
'#P_troglodytes_M_clavicle_R
4.2418060e+001   3.5819660e+001  -1.6440830e+001
3.6788948e+001   2.6835876e+001  -2.7826046e+001
-6.0647770e+001   2.6286034e+001  -1.4051619e+001
-7.8669281e+001   4.8519825e+001   5.1671076e+000
-8.4015213e+001   4.4856010e+001  -1.6979580e+000
4.1825356e+001   3.1198898e+001  -2.2247616e+001
-8.1698540e+001   4.6934227e+001   2.1161628e+000
'#P_troglodytes_F_clavicle_R
3.9790909e+001   5.2984959e+001   1.4485028e+001
4.2838234e+001   5.7298698e+001   2.5940323e+000
-4.7152840e+001   4.9803604e+001  -4.0341187e+001
-6.9623566e+001   3.3522678e+001  -2.8315443e+001
-7.0743896e+001   3.1766518e+001  -3.9567715e+001
4.3409557e+001   5.5664516e+001   9.2607775e+000
-7.0488556e+001   3.2390278e+001  -3.3593349e+001
'#P_troglodytes_F_clavicle_R
3.6501663e+001   4.7848820e+001   4.7134056e+000
3.2748096e+001   5.8118347e+001   7.4851208e+000
-5.7850655e+001   5.5212669e+001  -1.5643929e+001
-7.0459755e+001   2.9635206e+001  -1.9794193e+001
-7.5951866e+001   3.5582245e+001  -2.4126297e+001
3.6235802e+001   5.2679962e+001   6.5804939e+000
-7.3217438e+001   3.2187862e+001  -2.2319691e+001
'#P_troglodytes_M_clavicle_R
3.6911797e+001   5.1834229e+001   3.9455671e+000
3.5792862e+001   5.8952087e+001  -4.0331173e+000
-5.2172691e+001   4.8252186e+001  -2.5855278e+001
-6.2664635e+001   3.4569530e+001  -5.4179263e+000
-7.0637207e+001   3.3928764e+001  -1.4716324e+001
3.6969536e+001   5.5481346e+001   5.1440144e-001
-6.6929016e+001   3.4021133e+001  -1.0280693e+001
'#P_troglodytes_M_clavicle_R
3.9395721e+001   5.2871265e+001  -6.7844858e+000
4.1878372e+001   3.7181644e+001  -1.4158392e+001
-6.2073078e+001   3.2783638e+001  -1.5900217e+001
-8.1242935e+001   5.3598091e+001  -9.5094490e-001
-8.5766731e+001   4.0015396e+001  -3.9110527e+000
3.9099979e+001   4.4858288e+001  -1.0288787e+001
-8.5197845e+001   4.7044964e+001  -1.8251915e+000
'#P_troglodytes_F_clavicle_R
3.9228409e+001   3.8753899e+001  -1.5904379e+001
3.9437805e+001   2.7803995e+001  -1.4738827e+000
-5.7608334e+001   2.9733036e+001   1.1211676e+001
-7.9364700e+001   5.1736362e+001  -5.8028479e+000
-8.3597954e+001   4.5828205e+001   5.2986059e+000
3.8495949e+001   3.3997025e+001  -9.1830759e+000
-8.1727715e+001   4.9183662e+001  -4.9044514e-001
'#P_troglodytes_F_clavicle_R
3.8677597e+001   4.8610756e+001   1.2455202e+001
3.9253399e+001   5.4866169e+001  -8.2868042e+000
-1.3379075e+001   4.8307087e+001  -4.8511162e+001
-4.0003216e+001   3.7572582e+001  -3.1262474e+001
-4.3347874e+001   3.4137001e+001  -4.5539436e+001
4.0960960e+001   5.1779526e+001   3.7468452e+000
-4.3669357e+001   3.4784409e+001  -3.7070427e+001
'#P_troglodytes_F_clavicle_L
3.9876961e+001   5.7390141e+001  -3.2366966e+001
4.1556885e+001   6.9919899e+001  -2.6570614e+001
-4.4372513e+001   5.4604866e+001   2.4945066e+001
-6.2778336e+001   2.3534496e+001   1.8275406e+001
-6.8569260e+001   2.9017172e+001   2.5805359e+001
4.1935974e+001   6.3714813e+001  -3.0299944e+001
-6.6399017e+001   2.4382420e+001   2.1983572e+001
'#P_troglodytes_M_clavicle_R
5.1674561e+001   4.9491901e+001  -2.7058025e+001
4.4019402e+001   3.6139435e+001  -3.6163200e+001
-5.5322861e+001   3.1719210e+001  -1.1353874e+000
-6.7222488e+001   4.8319492e+001   2.8126099e+001
-7.4639519e+001   3.6973736e+001   2.5106113e+001
4.4143936e+001   4.3683678e+001  -2.8089931e+001
-7.1291801e+001   4.2440578e+001   2.7157131e+001
'#P_troglodytes_M_clavicle_R
-3.7983116e+001   2.7508301e+001   1.1028551e+002
-3.2923409e+001   3.6075150e+001   1.1172435e+002
-5.4284410e+000   5.9647533e+001   1.7344597e+001
-8.8088131e+000   4.0927811e+001  -1.1674664e+001
-1.6921234e+000   4.5019714e+001  -1.1749397e+001
-3.5521530e+001   3.1344080e+001   1.0959248e+002
-5.2135496e+000   4.2745331e+001  -1.2013611e+001
'#P_troglodytes_M_clavicle_R
-2.6807659e+001   2.2093359e+001   1.1188800e+002
-3.9223022e+001   9.2012377e+000   1.0668582e+002
-2.3231722e+001   2.5508650e+001   4.3056250e+000
-1.1493690e+001   5.3228188e+001  -9.5123672e+000
-2.0721746e+001   4.8390083e+001  -1.6230801e+001
-3.2804260e+001   1.8351542e+001   1.0475806e+002
-1.5673092e+001   5.0316017e+001  -1.2312218e+001
'#P_pygmaeus_M_clavicle_R
7.1263329e+001   3.8446304e+001   1.1927706e+001
7.2737526e+001   5.9279781e+001   6.9966412e-001
-8.2049660e+001   5.7602703e+001  -1.8872841e+001
-9.8959358e+001   3.3151489e+001  -1.0174858e+001
-1.0384090e+002   5.3523018e+001  -1.9172951e+001
7.0918121e+001   4.8737686e+001   6.2302933e+000
-1.0399210e+002   4.1865154e+001  -1.3347977e+001
'#P_pygmaeus_F_clavicle_R
5.0210670e+001   5.6084560e+001  -2.9469795e+001
5.0414497e+001   3.2167168e+001  -3.0665619e+001
-7.2257355e+001   2.4795223e+001   7.8660622e+000
-9.4273697e+001   4.1429203e+001   2.6448318e+001
-9.3390732e+001   2.6382032e+001   2.5380989e+001
5.0175186e+001   4.5192589e+001  -3.0177109e+001
-9.3911476e+001   3.5047939e+001   2.5649639e+001
'#P_pygmaeus_F_clavicle_R
4.8349609e+001   1.8539595e+001   5.3202209e+000
4.0353111e+001   3.9060173e+000   2.1883583e+000
-6.0243938e+001   3.5012302e+001  -1.1092617e+001
-7.8539528e+001   5.0946819e+001  -2.1312920e+001
-8.0149948e+001   4.1223721e+001  -2.2737465e+001
4.5902763e+001   1.1723373e+001   4.4673157e+000
-7.9306351e+001   4.6286369e+001  -2.2181486e+001
'#P_pygmaeus_F_clavicle_R
-4.2230923e+001   2.5459778e+001   1.4056837e+002
-4.4609436e+001   2.5813029e+000   1.4173187e+002
-2.4772499e+001   7.8852177e+000   1.2976376e+001
-2.7629780e+001   2.0549150e+001  -1.3794415e+001
-2.8494423e+001   9.7462626e+000  -1.2931679e+001
-4.2965408e+001   1.5796167e+001   1.4289969e+002
-2.8162424e+001   1.5293941e+001  -1.3723787e+001
'#P_pygmaeus_F_clavicle_L
-5.3420586e+001   2.7352110e+001   1.3764093e+002
-7.2145157e+001   1.8123184e+001   1.3465225e+002
-2.0620888e+001   3.2558548e+000   4.1269350e+000
4.4444199e+000   1.6562691e+001  -8.7445889e+000
-3.1217880e+000   7.5899549e+000  -1.4936464e+001
-6.2380493e+001   2.3094084e+001   1.3812006e+002
9.6168518e-001   1.2242117e+001  -1.1758183e+001
'#P_pygmaeus_M_clavicle_R
-5.2912167e+001   1.8961298e+001   1.4027869e+002
-4.7797844e+001   3.3024605e+001   1.4283904e+002
-2.5276775e+001   4.1222179e+001   1.1639253e+001
-2.0208372e+001   2.5445683e+001  -3.6454353e+000
-1.4366648e+001   3.2055851e+001  -3.4007292e+000
-5.0793701e+001   2.5160934e+001   1.4213393e+002
-1.7469372e+001   2.8516731e+001  -3.5453901e+000
'#P_pygmaeus_M_clavicle_R
-3.8318947e+001   1.6449589e+001   1.5914059e+002
-6.1144772e+001   1.7987201e+000   1.5385417e+002
-3.9806511e+001   2.1377161e+001   1.3052502e+000
-1.4693123e+001   3.8928585e+001  -2.3823738e+001
-2.4948204e+001   3.2159130e+001  -2.8025352e+001
-4.8970020e+001   9.7595654e+000   1.5545961e+002
-1.9714649e+001   3.5438850e+001  -2.5310738e+001
'#T_cristatus_F_clavicle_L
-4.2243657e+000   3.5259468e+001   1.7837755e+001
2.5258219e+000   3.5369591e+001   1.6007557e+001
1.1490108e+001   4.9673058e+001   4.2687737e+001
8.6573315e+000   5.1225098e+001   5.4726418e+001
1.2357312e+001   5.1148750e+001   5.4364288e+001
-1.4853224e+000   3.4646225e+001   1.5918007e+001
1.0340769e+001   5.1353596e+001   5.4011559e+001
'#T_cristatus_F_clavicle_L
-1.6213707e+001   2.4999329e+001   4.1154022e+001
-2.0276381e+001   2.8779722e+001   4.4495621e+001
1.1631279e+001   4.5281265e+001   5.5568909e+001
1.9078888e+001   4.2690582e+001   5.4289444e+001
1.9153622e+001   4.6141449e+001   5.5680107e+001
-1.8509220e+001   2.6492992e+001   4.2487789e+001
1.9238607e+001   4.4371685e+001   5.4919102e+001
'#T_cristatus_F_clavicle_L
8.0345659e+000   5.8566902e+001   4.6906151e+001
3.8641233e+000   5.6497696e+001   5.1636772e+001
-9.1843872e+000   3.7679623e+001   3.1662979e+001
-1.0526551e+001   3.4627800e+001   2.0389929e+001
-1.3283195e+001   3.2417900e+001   2.1369366e+001
6.2656021e+000   5.7825821e+001   4.9490242e+001
-1.1883370e+001   3.3320389e+001   2.0579500e+001
'#T_cristatus_F_clavicle_L
1.8459246e+001   5.8519966e+001   5.3677490e+001
1.3854361e+001   5.7207161e+001   5.6399010e+001
8.3152208e+000   3.6218266e+001   2.7143864e+001
1.1988866e+001   3.4415043e+001   1.9964380e+001
9.9217958e+000   3.2665230e+001   2.0792480e+001
1.6611488e+001   5.8301636e+001   5.5491982e+001
1.0952669e+001   3.3723000e+001   2.0394058e+001
'#T_cristatus_F_clavicle_L
-7.4193587e+000   2.8704247e+001   3.1551598e+001
-5.4131312e+000   3.2382221e+001   2.7119877e+001
6.5980501e+000   5.1233334e+001   5.2391502e+001
5.5461650e+000   5.1812836e+001   6.3072693e+001
8.1349888e+000   5.4339649e+001   6.1834679e+001
-6.8346901e+000   2.9564238e+001   2.8506332e+001
6.6555982e+000   5.3010353e+001   6.2204399e+001
'#T_cristatus_F_clavicle_L
-9.5797491e+000   3.5852238e+001   2.1223228e+001
-3.8411303e+000   3.5495537e+001   1.8900818e+001
3.3835382e+000   5.9669628e+001   4.6219261e+001
-6.1979771e-001   6.3921177e+001   5.3336094e+001
2.6754272e+000   6.4149315e+001   5.4565128e+001
-7.1263599e+000   3.5143784e+001   1.9679047e+001
8.6683327e-001   6.3991825e+001   5.3893463e+001
'#T_cristatus_F_clavicle_R
-1.6767862e+001   3.8982086e+001   2.4295391e+001
-2.0415016e+001   3.8782722e+001   2.8865839e+001
5.4379630e+000   4.8445175e+001   4.9964725e+001
1.2995312e+001   5.1475143e+001   4.9126247e+001
1.2786318e+001   5.0891167e+001   5.2941814e+001
-1.8973192e+001   3.8659836e+001   2.6037539e+001
1.3390015e+001   5.1173386e+001   5.1035942e+001
'#T_cristatus_F_clavicle_L
-1.4859798e+001   2.2803070e+001   3.9774033e+001
-1.7296204e+001   2.5497269e+001   3.3878880e+001
-1.9661589e+000   5.0897457e+001   5.0516666e+001
1.6343021e+000   5.2148975e+001   5.9028416e+001
3.2461872e+000   5.3907963e+001   5.7550461e+001
-1.6506268e+001   2.3010803e+001   3.6497143e+001
2.3038139e+000   5.3046600e+001   5.8322021e+001
'#T_cristatus_F_clavicle_L
-2.0931835e+001   2.4739450e+001   2.3142565e+001
-2.4680441e+001   2.9731033e+001   2.0433462e+001
-1.0944939e+001   5.3511112e+001   3.7679947e+001
-5.0187273e+000   5.6134079e+001   4.5615089e+001
-5.5547762e+000   5.9439568e+001   4.4628559e+001
-2.2907684e+001   2.6564678e+001   2.1492184e+001
-5.8631411e+000   5.7618355e+001   4.4979801e+001
'#T_cristatus_M_clavicle_L
-8.2954922e+000   3.0031349e+001   2.8132172e+001
-1.2703867e+001   2.9566940e+001   3.2231129e+001
4.8826203e+000   4.9895313e+001   6.2332397e+001
1.4630512e+001   5.6324581e+001   5.9853222e+001
1.4809158e+001   5.5708801e+001   6.4358772e+001
-1.0666552e+001   2.9628908e+001   2.9945368e+001
1.4258848e+001   5.5988144e+001   6.2174423e+001
'#T_cristatus_M_clavicle_L
-2.4527275e+001   1.3056136e+001   2.4222506e+001
-2.5831203e+001   1.7344118e+001   1.9789349e+001
-5.4238186e+000   4.7831455e+001   3.6524551e+001
2.5403709e+000   5.0869259e+001   4.8128639e+001
3.8991280e+000   5.3776176e+001   4.5207180e+001
-2.5540737e+001   1.4608582e+001   2.1766111e+001
2.6393509e+000   5.2326702e+001   4.6498096e+001
'#T_cristatus_F_clavicle_L
-8.1921682e+000   2.0187466e+001   3.5764774e+001
-8.5469151e+000   2.3316860e+001   2.9866705e+001
9.7901917e-001   5.4331192e+001   4.8346413e+001
2.0559483e+000   5.7363518e+001   5.7199318e+001
3.0796614e+000   6.0323509e+001   5.4631561e+001
-8.3743544e+000   2.1458431e+001   3.2946098e+001
2.5718789e+000   5.8598438e+001   5.6119152e+001
'#T_cristatus_M_clavicle_L
-1.6440479e+001   2.0834837e+001   2.1783047e+001
-1.5145848e+001   2.3549650e+001   1.8005844e+001
3.2310867e+000   5.0221661e+001   4.3223660e+001
1.5346642e+000   5.1527252e+001   5.4582054e+001
6.3518362e+000   5.4346325e+001   5.2474228e+001
-1.6069740e+001   2.1668659e+001   1.9691469e+001
4.3773651e+000   5.2659534e+001   5.4076466e+001
'#T_cristatus_M_clavicle_L
-1.6887966e+001   1.8828341e+001   4.2774586e+001
-2.0863052e+001   2.2749891e+001   3.9864883e+001
4.5186675e-001   5.2309441e+001   4.6314339e+001
9.3902283e+000   5.2193012e+001   5.2166325e+001
8.5365314e+000   5.7663189e+001   4.7612896e+001
-1.9040415e+001   2.0257616e+001   4.1249752e+001
9.3622818e+000   5.4799667e+001   4.9780972e+001
'#T_cristatus_F_clavicle_L
-3.1551136e+001   2.1672352e+001   2.6386467e+001
-3.0210255e+001   2.5436769e+001   2.1237053e+001
-6.9014444e+000   5.0977642e+001   3.5889069e+001
-4.9293461e+000   5.2496445e+001   4.5723358e+001
-2.3289490e+000   5.3494247e+001   4.4433159e+001
-3.1577099e+001   2.2819620e+001   2.3682312e+001
-3.7806845e+000   5.3138542e+001   4.4810364e+001
'#T_cristatus_F_clavicle_L
-3.4456387e+001   2.2414885e+001   2.4232292e+001
-3.3438732e+001   2.5016415e+001   1.8992817e+001
-1.2611219e+001   4.9498341e+001   3.6983295e+001
-1.0939692e+001   5.2165791e+001   4.7385963e+001
-7.9439926e+000   5.3399143e+001   4.6394859e+001
-3.4364326e+001   2.3103853e+001   2.1643963e+001
-9.6609039e+000   5.2784763e+001   4.6760071e+001
'#T_cristatus_F_clavicle_L
2.8089781e+000   5.0638466e+001   5.6747555e+001
4.9793153e+000   5.2592731e+001   5.1845318e+001
-4.9433632e+000   2.1320082e+001   4.1887779e+001
-8.9529200e+000   1.4833181e+001   4.6667850e+001
-9.6290798e+000   1.4015201e+001   4.4291130e+001
3.9958222e+000   5.2660412e+001   5.4882114e+001
-9.2885895e+000   1.4423968e+001   4.5526867e+001
'#T_cristatus_F_clavicle_L
9.6633825e+000   1.8535006e+001   4.9557495e+001
6.3306141e+000   1.9008097e+001   4.3439690e+001
5.7373219e+000   5.3595119e+001   5.4018730e+001
6.5530176e+000   5.6747375e+001   6.2404686e+001
6.8355904e+000   5.9563503e+001   5.9950905e+001
8.2167454e+000   1.7381308e+001   4.6306309e+001
6.6744127e+000   5.8053242e+001   6.1202705e+001
'#T_cristatus_M_clavicle_L
-2.3497204e+001   2.2086861e+001   3.7674828e+001
-2.4790064e+001   2.5846764e+001   3.3335472e+001
9.2270851e-002   4.9742218e+001   4.6976135e+001
5.4484386e+000   4.9210060e+001   5.7774933e+001
6.6636114e+000   5.2586285e+001   5.5717979e+001
-2.4369671e+001   2.3322336e+001   3.5513000e+001
5.7938023e+000   5.0791794e+001   5.6672523e+001
'#T_cristatus_M_clavicle_L
-4.4987359e+000   2.7469406e+001   2.4198704e+001
-7.1039305e+000   3.0983604e+001   2.0048828e+001
5.4928379e+000   5.6642818e+001   4.4120010e+001
1.0329142e+001   5.4697712e+001   5.3714600e+001
1.0746311e+001   5.8438984e+001   5.2959942e+001
-5.9651022e+000   2.8228230e+001   2.1770418e+001
1.0178422e+001   5.6361633e+001   5.2953087e+001
'#T_cristatus_M_clavicle_L
-8.9721766e+000   2.7105215e+001   4.2558525e+001
-1.0395924e+001   3.2303226e+001   3.9738708e+001
1.4277659e+001   5.3781460e+001   6.0795532e+001
1.9286823e+001   4.9689789e+001   7.2697891e+001
2.2026268e+001   5.2952408e+001   7.0984100e+001
-9.7920322e+000   2.9342300e+001   4.0973671e+001
2.0671377e+001   5.1229954e+001   7.1822929e+001
'#T_cristatus_M_clavicle_L
-1.3083293e+001   2.6072493e+001   2.6439613e+001
-1.5884829e+001   3.0298605e+001   2.3368263e+001
7.5706863e+000   5.5886612e+001   4.5972862e+001
1.5138458e+001   5.2387375e+001   5.3772141e+001
1.5830219e+001   5.6133846e+001   5.2908691e+001
-1.4526409e+001   2.7831427e+001   2.4723606e+001
1.5131568e+001   5.4229408e+001   5.3191605e+001
'#T_cristatus_F_clavicle_L
1.5513318e+001   5.5043339e+001   5.5973618e+001
1.3943576e+001   5.4500980e+001   6.1457703e+001
-7.8684492e+000   2.6436934e+001   5.2594582e+001
-9.8361874e+000   2.5563900e+001   4.4996418e+001
-9.2221041e+000   2.3045273e+001   4.6749550e+001
1.5311595e+001   5.5357239e+001   5.8672512e+001
-9.4255571e+000   2.4354668e+001   4.5676456e+001
'#T_cristatus_F_clavicle_L
-1.3737353e+001   2.1390911e+001   2.8574650e+001
-1.6978519e+001   2.4483776e+001   2.4862991e+001
4.9979210e-001   5.6306416e+001   3.7521515e+001
6.8025551e+000   5.7437252e+001   4.2985638e+001
6.8318195e+000   5.9795784e+001   4.0783218e+001
-1.5553989e+001   2.1802044e+001   2.6736084e+001
6.1089830e+000   5.8445271e+001   4.1953316e+001
'#T_cristatus_M_clavicle_L
-6.9263897e+000   2.5181850e+001   3.2170296e+001
-9.5756769e+000   2.9233664e+001   2.5986458e+001
1.3932952e+001   5.3807377e+001   4.4281090e+001
2.2052496e+001   5.5158150e+001   5.6787022e+001
2.2961782e+001   5.7298115e+001   5.5349270e+001
-8.9843426e+000   2.5535891e+001   2.8670019e+001
2.2223095e+001   5.6104488e+001   5.5893684e+001
'#T_cristatus_M_clavicle_L
-4.9358082e+000   3.4592564e+001   2.8748196e+001
-6.5507669e+000   4.0310692e+001   2.4013668e+001
1.4526680e+001   5.8252426e+001   4.2176693e+001
2.1888140e+001   5.6217163e+001   5.3699596e+001
2.3727381e+001   5.8535225e+001   5.2951408e+001
-6.7022018e+000   3.6380627e+001   2.5548822e+001
2.2596283e+001   5.7374355e+001   5.3306591e+001
'#T_cristatus_M_clavicle_L
-8.0593395e+000   2.6140123e+001   5.3947887e+001
-9.9828548e+000   2.9693363e+001   4.6086227e+001
1.5436960e+001   4.9693573e+001   6.1971409e+001
2.0169979e+001   5.0015560e+001   7.5166977e+001
2.2772860e+001   5.2333672e+001   7.3203598e+001
-1.0897290e+001   2.6020529e+001   4.9549618e+001
2.0808886e+001   5.1350815e+001   7.3714981e+001
'#T_cristatus_M_clavicle_L
-2.9813375e+001   2.3796858e+001   1.9653423e+001
-3.2247810e+001   2.8084137e+001   1.5624521e+001
-9.5293159e+000   5.2161381e+001   3.3848145e+001
-3.6586494e+000   5.2223660e+001   4.5985897e+001
-2.2567558e+000   5.3817402e+001   4.4616879e+001
-3.1624760e+001   2.4748755e+001   1.7143961e+001
-3.2460976e+000   5.3144920e+001   4.5228928e+001
'#T_cristatus_M_clavicle_L
-5.5006857e+000   3.2927578e+001   2.5598780e+001
-3.9035921e+000   3.5926472e+001   2.0249535e+001
1.2089922e+001   5.6448700e+001   4.0965858e+001
1.1980606e+001   5.6264565e+001   5.2367886e+001
1.5147973e+001   5.7811359e+001   5.1080570e+001
-5.4856339e+000   3.3432213e+001   2.2548019e+001
1.3101167e+001   5.7201027e+001   5.1181496e+001
'#T_cristatus_M_clavicle_L
-9.7774439e+000   3.7531441e+001   2.9729023e+001
-9.9931345e+000   4.3290844e+001   2.7948444e+001
1.7553446e+001   5.4998775e+001   5.1461746e+001
1.9733814e+001   4.9558422e+001   5.8285816e+001
2.1881634e+001   5.2361477e+001   5.7042202e+001
-1.0667589e+001   3.9814281e+001   2.8227077e+001
2.0317768e+001   5.1239937e+001   5.7490986e+001
'#T_cristatus_M_clavicle_L
-2.1440447e+001   3.9012352e+001   2.4472748e+001
-2.0651182e+001   4.1758057e+001   1.7944334e+001
3.6944046e+000   5.7693531e+001   3.7249741e+001
5.1540861e+000   5.7760090e+001   4.8011395e+001
8.4382648e+000   5.9208904e+001   4.6864159e+001
-2.2589155e+001   3.9073708e+001   2.0781437e+001
6.6753063e+000   5.8590939e+001   4.6973686e+001
'#T_cristatus_M_clavicle_L
-2.7144867e+001   5.8822945e+001   4.3571815e+001
-2.7225718e+001   5.1391914e+001   4.6122025e+001
1.1210588e+001   5.1497311e+001   2.2934147e+001
1.2635653e+001   5.9457455e+001   1.3307248e+001
1.3858371e+001   5.3657410e+001   1.4502061e+001
-2.7789404e+001   5.5209145e+001   4.5045643e+001
1.3346653e+001   5.6685333e+001   1.4225408e+001